[IMG_6273 - Cropped.JPG]
filters=tilt=1,0.043437,0.000000;unsharp2=1,3.000000;autolight=1;autocolor=1;crop64=1,2ff03fead1f7d38d;
crop=rect64(2ff03fead1f7d38d)
moddate=2abf79f00fb6d201
width=4032
height=3024
textactive=0
[IMG_6274 - Cropped.JPG]
filters=autolight=1;enhance=1;
moddate=65470e3410b6d201
width=4032
height=3024
textactive=0
