[IMG_6336 - Cropped.JPG]
filters=crop64=1,49b76e8f9bcfa5d7;tilt=1,-0.027707,0.000000;unsharp2=1,1.824561;autolight=1;
crop=rect64(49b76e8f9bcfa5d7)
moddate=5004d54400b6d201
width=4032
height=3024
textactive=0
[IMG_6336 - Cropped.1.jpg]
filters=CrossProcess=1,38.011696;
moddate=592ec34f00b6d201
width=1293
height=653
textactive=0
