[IMG_6430_Shrunk.jpg]
filters=autolight=1;autocolor=1;
moddate=3360a80e02b6d201
width=2160
height=2880
textactive=0
[IMG_6428 - Cropped.JPG]
filters=crop64=1,3da66e2396189d75;autocolor=1;autolight=1;enhance=1;
crop=rect64(3da66e2396189d75)
moddate=30bf254e02b6d201
width=4032
height=3024
textactive=0
[IMG_6428 - Cropped.1.jpg]
filters=tilt=1,0.035532,0.000000;unsharp2=1,2.175438;
moddate=9298066302b6d201
width=1393
height=559
textactive=0
