[IMG_6369 - Cropped.JPG]
filters=tilt=1,0.130390,0.000000;unsharp2=1,3.000000;autolight=1;crop64=1,3d4546f1ba28a233;
crop=rect64(3d4546f1ba28a233)
moddate=1418fe7f10b6d201
width=4032
height=3024
textactive=0
[IMG_6371 - Cropped.JPG]
filters=autolight=1;autocolor=1;
moddate=1d9966aa10b6d201
width=4032
height=3024
textactive=0
