[IMG_6216.JPG]
filters=autolight=1;
moddate=71486dc98db4d201
width=3024
height=4032
textactive=0
[IMG_6216 - Cropped.JPG]
filters=crop64=1,13a4636ddcddaf8e;tilt=1,-0.043516,0.000000;autolight=1;unsharp2=1,3.000000;
crop=rect64(13a4636ddcddaf8e)
moddate=532b072dfcb5d201
width=3024
height=4032
textactive=0
[IMG_6217 - Cropped.JPG]
filters=crop64=1,cc8fd95e0c2;
crop=rect64(cc8fd95e0c2)
moddate=339360d5fcb5d201
width=4032
height=3024
textactive=0
