[IMG_6247 - Cropped.JPG]
filters=tilt=1,-0.154184,0.000000;crop64=1,429a74d3c34cb62d;autolight=1;
crop=rect64(429a74d3c34cb62d)
moddate=990b095001b6d201
width=4032
height=3024
textactive=0
[IMG_6247 - Cropped.1.jpg]
filters=unsharp2=1,1.491228;
moddate=2cf3745301b6d201
width=2027
height=772
textactive=0
[IMG_6248_Shrunk.JPG]
filters=autolight=1;
moddate=413b6bb401b6d201
width=2160
height=2880
textactive=0
